tags_collected, collisions_in_seconds, time_in_minutes, random_seed
100, 1653.19, 16.6667, 711324
66, 2589.19, 16.6667, 987756
81, 2504.19, 16.6667, 207788
92, 1747.78, 16.6667, 333611
75, 1798.31, 16.6667, 802794
78, 1354.47, 16.6667, 236180
44, 3348.75, 16.6667, 986203
75, 1924.5, 16.6667, 120729
79, 1648.78, 16.6667, 433323
79, 2439.44, 16.6667, 596228
78, 2059.5, 16.6667, 588067
101, 1623.28, 16.6667, 722058
68, 1333.81, 16.6667, 53622
95, 1737.12, 16.6667, 649858
94, 1400.34, 16.6667, 184694
87, 2482.69, 16.6667, 775731
84, 2019.81, 16.6667, 823913
97, 1440.69, 16.6667, 255904
98, 1443.66, 16.6667, 798096
100, 2342.28, 16.6667, 258438
56, 1748.78, 16.6667, 248821
86, 2569.75, 16.6667, 601095
79, 1989.53, 16.6667, 727125
59, 2151.09, 16.6667, 996644
80, 2513.34, 16.6667, 607519
76, 675.469, 16.6667, 705756
86, 1969.12, 16.6667, 681353
89, 2528.78, 16.6667, 2039
87, 1954.06, 16.6667, 225315
47, 3810.06, 16.6667, 538099
101, 1959.25, 16.6667, 577765
77, 1524.84, 16.6667, 804430
84, 2216.97, 16.6667, 390214
83, 2298.94, 16.6667, 771485
88, 2443.84, 16.6667, 18131
91, 2312.25, 16.6667, 525562
83, 1510.62, 16.6667, 845648
78, 753.125, 16.6667, 575478
91, 2255.84, 16.6667, 673428
49, 3319.03, 16.6667, 870010
96, 1053.72, 16.6667, 26671
76, 1454.38, 16.6667, 997137
93, 2273.25, 16.6667, 864588
102, 1395.59, 16.6667, 55847
54, 3040.97, 16.6667, 594110
74, 2890.16, 16.6667, 760779
55, 3389.69, 16.6667, 249452
84, 1620.78, 16.6667, 506746
77, 2830.12, 16.6667, 481660
86, 2056.06, 16.6667, 867559
54, 3137.12, 16.6667, 312853
75, 2592.09, 16.6667, 737530
75, 2207.19, 16.6667, 439069
72, 694.062, 16.6667, 215803
38, 3145.91, 16.6667, 435836
96, 935.688, 16.6667, 798308
74, 2305.69, 16.6667, 647873
83, 2039.28, 16.6667, 13178
103, 1793.06, 16.6667, 538445
85, 1698.34, 16.6667, 10506
102, 1811.88, 16.6667, 748245
104, 1311.47, 16.6667, 169184
52, 3646.66, 16.6667, 743164
99, 1955.22, 16.6667, 697093
79, 2050.41, 16.6667, 886049
91, 2257.59, 16.6667, 81206
63, 2734.97, 16.6667, 141162
93, 2381.28, 16.6667, 355304
101, 1655.25, 16.6667, 743321
97, 1903.56, 16.6667, 280847
94, 2015.78, 16.6667, 540786
78, 1878.44, 16.6667, 853926
49, 3549.25, 16.6667, 141873
60, 2442, 16.6667, 142876
72, 2682.88, 16.6667, 380119
92, 1892.91, 16.6667, 305803
92, 2443.69, 16.6667, 628401
39, 3417.22, 16.6667, 789340
94, 1712.47, 16.6667, 52676
86, 1733.09, 16.6667, 545095
93, 2043.03, 16.6667, 64247
91, 2173.53, 16.6667, 450889
101, 1658.12, 16.6667, 64771
83, 1666.03, 16.6667, 593929
75, 1703.62, 16.6667, 257831
107, 1529.06, 16.6667, 753262
78, 2138.78, 16.6667, 15605
79, 1136.41, 16.6667, 307650
84, 2266.34, 16.6667, 900326
90, 1748.66, 16.6667, 988468
88, 857.219, 16.6667, 507505
94, 1203.69, 16.6667, 706852
63, 2712.16, 16.6667, 697654
86, 2277.28, 16.6667, 934455
79, 2120.28, 16.6667, 170638
86, 1060.53, 16.6667, 390589
76, 1204.16, 16.6667, 142337
97, 1618.5, 16.6667, 992276
74, 1481, 16.6667, 410294
66, 2492.06, 16.6667, 46738
84, 1649.59, 16.6667, 521081
63, 2227.16, 16.6667, 227266
64, 2831.72, 16.6667, 30798
89, 1347.84, 16.6667, 411176
97, 1020.62, 16.6667, 3994
71, 752.125, 16.6667, 699478
93, 1735.5, 16.6667, 607308
78, 2015.94, 16.6667, 88877
51, 1611.41, 16.6667, 419607
75, 2306.41, 16.6667, 140150
97, 1995.66, 16.6667, 348340
104, 1423.34, 16.6667, 748399
88, 1601.88, 16.6667, 533351
73, 2875.72, 16.6667, 436
77, 2698.44, 16.6667, 889590
95, 1700.22, 16.6667, 48298
73, 865.469, 16.6667, 4414
89, 2165.53, 16.6667, 156927
107, 1921.09, 16.6667, 664877
82, 1667.47, 16.6667, 308442
86, 1893.25, 16.6667, 115294
98, 1709.44, 16.6667, 372350
85, 1529.47, 16.6667, 592775
76, 2812.31, 16.6667, 236644
94, 1595.56, 16.6667, 336722
87, 1618.72, 16.6667, 748924
95, 1456.53, 16.6667, 148586
75, 1561, 16.6667, 543570
91, 1783.88, 16.6667, 41540
96, 2671.19, 16.6667, 227509
45, 3747.19, 16.6667, 405074
79, 2864.12, 16.6667, 218069
46, 3359.44, 16.6667, 41694
74, 804.25, 16.6667, 140847
47, 3366.44, 16.6667, 955247
73, 1402.03, 16.6667, 9567
71, 1958, 16.6667, 568336
87, 1940.47, 16.6667, 942127
84, 2302.25, 16.6667, 369353
79, 1717.69, 16.6667, 431660
84, 787.875, 16.6667, 25502
104, 1124.19, 16.6667, 880979
80, 2720.47, 16.6667, 436555
54, 2559.34, 16.6667, 607270
108, 1353.53, 16.6667, 826669
93, 1820.22, 16.6667, 280369
96, 1801.47, 16.6667, 657244
85, 2430.03, 16.6667, 938721
62, 2155.41, 16.6667, 88691
60, 3272.06, 16.6667, 256077
60, 1962.66, 16.6667, 327594
67, 3012.06, 16.6667, 812163
89, 2183.28, 16.6667, 671305
82, 2198.72, 16.6667, 860155
83, 1590.69, 16.6667, 58575
59, 2483.88, 16.6667, 681905
91, 924, 16.6667, 975799
94, 1530.78, 16.6667, 880841
74, 1042.94, 16.6667, 266349
59, 3004.28, 16.6667, 929989
55, 1805.09, 16.6667, 122578
71, 1835.69, 16.6667, 496380
52, 1597.75, 16.6667, 931774
72, 2712.69, 16.6667, 635856
82, 2089.84, 16.6667, 730809
89, 1983.06, 16.6667, 112424
96, 2004.97, 16.6667, 385367
75, 2916.53, 16.6667, 684374
72, 1049.41, 16.6667, 721200
63, 1501.81, 16.6667, 408663
47, 3135.28, 16.6667, 990025
77, 1213.03, 16.6667, 400112
102, 2217.28, 16.6667, 127076
42, 3231.5, 16.6667, 330078
79, 1366.28, 16.6667, 445898
89, 1168.56, 16.6667, 45529
80, 1085.09, 16.6667, 731167
85, 2413.19, 16.6667, 470710
74, 1319.56, 16.6667, 971747
99, 1595.19, 16.6667, 798307
83, 2136.62, 16.6667, 526529
84, 1202.12, 16.6667, 122806
90, 2085.31, 16.6667, 688075
71, 3454.5, 16.6667, 861833
76, 1591.88, 16.6667, 908477
95, 2289.44, 16.6667, 368264
106, 1960.41, 16.6667, 453932
107, 1241.44, 16.6667, 647335
94, 1114, 16.6667, 103391
89, 2329.66, 16.6667, 748959
93, 944.281, 16.6667, 835251
93, 1245.25, 16.6667, 461922
79, 2714.34, 16.6667, 34879
80, 2916.97, 16.6667, 990515
88, 1653.56, 16.6667, 161859
74, 2183.94, 16.6667, 535118
70, 1973.31, 16.6667, 793040
92, 2072.06, 16.6667, 133091
101, 1782.78, 16.6667, 186734
65, 1119.66, 16.6667, 441609
52, 3712.91, 16.6667, 979131
102, 1967.88, 16.6667, 818638
82, 2308.34, 16.6667, 60849
74, 1811.19, 16.6667, 209899
36, 3056.25, 16.6667, 393949
66, 2735, 16.6667, 768373
104, 2254.88, 16.6667, 983748
81, 1964.69, 16.6667, 985416
107, 1673.56, 16.6667, 260152
59, 2772.53, 16.6667, 521819
85, 1279.31, 16.6667, 687495
73, 718.344, 16.6667, 254597
75, 1752.53, 16.6667, 456682
52, 2483, 16.6667, 973847
102, 1532.25, 16.6667, 263840
99, 1578.25, 16.6667, 690611
88, 1414.97, 16.6667, 332105
81, 1448.16, 16.6667, 872599
46, 2920.69, 16.6667, 439986
68, 974.5, 16.6667, 639519
49, 2592.44, 16.6667, 424179
107, 1216.88, 16.6667, 772524
87, 1328.72, 16.6667, 350392
96, 1483.56, 16.6667, 958801
75, 995.438, 16.6667, 751699
65, 2367.38, 16.6667, 464871
91, 2344.84, 16.6667, 939708
99, 1632.31, 16.6667, 188046
94, 1760.09, 16.6667, 495881
64, 2945.28, 16.6667, 905109
68, 2129.62, 16.6667, 193767
68, 1922.81, 16.6667, 672387
77, 937.312, 16.6667, 9836
80, 1594.19, 16.6667, 909299
59, 3201.66, 16.6667, 371521
59, 3320.34, 16.6667, 887387
66, 2249.75, 16.6667, 458068
82, 1823.56, 16.6667, 24005
100, 1134.34, 16.6667, 670534
82, 2215.59, 16.6667, 525506
77, 1494.5, 16.6667, 130014
78, 1743.69, 16.6667, 775457
76, 2436.5, 16.6667, 202841
59, 2588.5, 16.6667, 506096
83, 2926.03, 16.6667, 836741
94, 1239.06, 16.6667, 992379
107, 1837.88, 16.6667, 838704
64, 2806.03, 16.6667, 62756
91, 1429.78, 16.6667, 257224
87, 2003.34, 16.6667, 642075
70, 1405.5, 16.6667, 981508
70, 3325.94, 16.6667, 388281
73, 2154.44, 16.6667, 420879
85, 1387.31, 16.6667, 822761
48, 1623.53, 16.6667, 440422
80, 1584.81, 16.6667, 845988
91, 1719.12, 16.6667, 417342
78, 1273.09, 16.6667, 649217
64, 2250.25, 16.6667, 316467
85, 2121.62, 16.6667, 710793
93, 2087.53, 16.6667, 806491
101, 2066.16, 16.6667, 68887
47, 3325.56, 16.6667, 497933
67, 1795.72, 16.6667, 685419
52, 3398.56, 16.6667, 38737
78, 2393.53, 16.6667, 982560
63, 2712.66, 16.6667, 303209
79, 1637.62, 16.6667, 475328
95, 1460.44, 16.6667, 792001
65, 2941.59, 16.6667, 109338
79, 1867.5, 16.6667, 249615
77, 2807.09, 16.6667, 673642
87, 1739.28, 16.6667, 819508
58, 2057.22, 16.6667, 171598
67, 2756.03, 16.6667, 687054
94, 803.781, 16.6667, 45485
91, 2750.62, 16.6667, 37091
74, 2310.34, 16.6667, 215373
93, 1677.22, 16.6667, 561239
79, 1446.28, 16.6667, 923286
95, 1401.47, 16.6667, 530070
99, 995.375, 16.6667, 970998
91, 1117.62, 16.6667, 626636
68, 2395.31, 16.6667, 315287
108, 1733.25, 16.6667, 666629
50, 3177.25, 16.6667, 275602
76, 2334.34, 16.6667, 389734
101, 1188.59, 16.6667, 927726
95, 1401.81, 16.6667, 791979
53, 2437.56, 16.6667, 251982
88, 1323.66, 16.6667, 848986
93, 1847.16, 16.6667, 636339
80, 1409.66, 16.6667, 180737
91, 1890, 16.6667, 846708
41, 2397.06, 16.6667, 435659
95, 969.312, 16.6667, 223505
84, 1788.03, 16.6667, 52000
78, 2177.78, 16.6667, 655707
76, 1057.09, 16.6667, 167194
70, 1954.5, 16.6667, 964095
