tags_collected, collisions_in_seconds, time_in_minutes, random_seed
102, 633.5, 16.6667, 637619
91, 533.969, 16.6667, 972686
102, 573.031, 16.6667, 257850
97, 651.562, 16.6667, 345509
103, 507.844, 16.6667, 374967
95, 540.906, 16.6667, 472831
104, 573.156, 16.6667, 574704
103, 576.719, 16.6667, 650354
99, 538.969, 16.6667, 678010
100, 624.438, 16.6667, 786384
101, 588, 16.6667, 845724
104, 696.719, 16.6667, 966788
100, 618.625, 16.6667, 127354
103, 600.406, 16.6667, 190087
101, 598.594, 16.6667, 328364
100, 553.25, 16.6667, 380295
103, 575.719, 16.6667, 537068
101, 662.219, 16.6667, 632727
104, 849.875, 16.6667, 770612
102, 569.094, 16.6667, 791337
102, 583.719, 16.6667, 947698
103, 579.875, 16.6667, 18505
97, 591.656, 16.6667, 62267
101, 670.594, 16.6667, 74761
98, 535, 16.6667, 136732
100, 598.062, 16.6667, 183176
100, 616.375, 16.6667, 257604
59, 3252.69, 16.6667, 299864
97, 564.906, 16.6667, 309543
99, 581.844, 16.6667, 442266
88, 874.125, 16.6667, 675951
83, 835.312, 16.6667, 844434
80, 542.344, 16.6667, 31547
99, 499.656, 16.6667, 373702
79, 653.656, 16.6667, 862501
92, 491.75, 16.6667, 215848
95, 453.031, 16.6667, 816811
98, 561.531, 16.6667, 687192
97, 660.906, 16.6667, 148481
77, 797.781, 16.6667, 722132
93, 558.938, 16.6667, 830218
69, 686.312, 16.6667, 140278
79, 459.625, 16.6667, 194936
85, 719.625, 16.6667, 541081
79, 886.625, 16.6667, 713596
92, 502.062, 16.6667, 806383
91, 581.188, 16.6667, 551280
81, 674.625, 16.6667, 889982
86, 504.5, 16.6667, 152700
90, 574.312, 16.6667, 602186
91, 488.812, 16.6667, 875797
63, 861.719, 16.6667, 424898
93, 505.781, 16.6667, 421096
87, 712.625, 16.6667, 225032
98, 562.031, 16.6667, 639429
79, 836.594, 16.6667, 181664
53, 901.031, 16.6667, 319813
84, 702.375, 16.6667, 230019
61, 1034.06, 16.6667, 664660
83, 671.281, 16.6667, 588682
101, 592.188, 16.6667, 822954
104, 504.062, 16.6667, 913032
104, 562.5, 16.6667, 37403
101, 529.281, 16.6667, 202043
101, 615.156, 16.6667, 473132
102, 572.312, 16.6667, 609696
103, 474.938, 16.6667, 836596
86, 1885.09, 16.6667, 951101
99, 622.625, 16.6667, 803146
102, 742.344, 16.6667, 901888
101, 585.156, 16.6667, 982160
98, 624.219, 16.6667, 989834
101, 485.906, 16.6667, 85821
102, 682.719, 16.6667, 168338
102, 559.906, 16.6667, 203402
100, 613.562, 16.6667, 269573
103, 584.562, 16.6667, 331774
104, 657.75, 16.6667, 668288
95, 637.062, 16.6667, 939470
100, 672.75, 16.6667, 23897
105, 529.25, 16.6667, 93976
102, 685.75, 16.6667, 160031
101, 569.406, 16.6667, 160576
105, 620.781, 16.6667, 280834
100, 596.344, 16.6667, 296251
102, 567.062, 16.6667, 296138
103, 664.281, 16.6667, 404640
100, 603.344, 16.6667, 387576
100, 567.344, 16.6667, 445905
99, 529.344, 16.6667, 517687
79, 1033.09, 16.6667, 662045
91, 1090.5, 16.6667, 735522
77, 970.469, 16.6667, 914196
92, 486.594, 16.6667, 56874
87, 688.625, 16.6667, 498089
92, 607.25, 16.6667, 809863
83, 712.188, 16.6667, 136694
93, 704.438, 16.6667, 262402
80, 851.375, 16.6667, 522013
82, 640.906, 16.6667, 614091
90, 513.906, 16.6667, 888909
74, 654.469, 16.6667, 261827
97, 665.562, 16.6667, 508302
90, 709.469, 16.6667, 24956
87, 651.688, 16.6667, 389842
85, 624.938, 16.6667, 681523
94, 500.75, 16.6667, 400478
84, 522.656, 16.6667, 235847
96, 773.906, 16.6667, 452892
73, 667.281, 16.6667, 752543
82, 666.125, 16.6667, 701827
94, 612.844, 16.6667, 940334
86, 514.875, 16.6667, 382297
95, 688.625, 16.6667, 790708
93, 918.312, 16.6667, 164978
90, 507.719, 16.6667, 429426
83, 610.562, 16.6667, 897876
70, 933.156, 16.6667, 990794
83, 667.594, 16.6667, 963218
91, 516.188, 16.6667, 96884
97, 537.312, 16.6667, 532184
104, 483.719, 16.6667, 652773
100, 621.688, 16.6667, 783749
103, 601.75, 16.6667, 763136
102, 569.375, 16.6667, 820434
100, 675.406, 16.6667, 915281
104, 602.781, 16.6667, 881317
103, 526.938, 16.6667, 974191
100, 626.562, 16.6667, 159285
97, 747.156, 16.6667, 191639
101, 644.812, 16.6667, 299417
101, 485.156, 16.6667, 286656
98, 596.188, 16.6667, 338311
100, 550.469, 16.6667, 400744
97, 582.219, 16.6667, 499129
100, 648.188, 16.6667, 527587
103, 552.312, 16.6667, 665481
101, 683.062, 16.6667, 694349
92, 567.281, 16.6667, 700478
102, 714.375, 16.6667, 721162
102, 557.344, 16.6667, 973147
105, 556.312, 16.6667, 60253
103, 638.219, 16.6667, 307607
102, 764.406, 16.6667, 322452
98, 579.125, 16.6667, 295952
100, 705.656, 16.6667, 395206
81, 2505.72, 16.6667, 605577
101, 554.719, 16.6667, 880133
72, 2675.06, 16.6667, 980026
104, 625.375, 16.6667, 270689
78, 1146.81, 16.6667, 271305
104, 548.25, 16.6667, 244780
97, 850.938, 16.6667, 682239
63, 1255.12, 16.6667, 997247
95, 540.125, 16.6667, 806101
87, 842.094, 16.6667, 750239
87, 533.594, 16.6667, 276254
84, 1006.81, 16.6667, 871293
91, 492.281, 16.6667, 30801
93, 557.156, 16.6667, 844108
92, 545.188, 16.6667, 331994
90, 562.938, 16.6667, 78111
89, 561.344, 16.6667, 894129
96, 642.625, 16.6667, 785911
93, 452.844, 16.6667, 883840
63, 811.25, 16.6667, 47404
95, 520.719, 16.6667, 406438
96, 593.5, 16.6667, 994059
105, 756.938, 16.6667, 808998
87, 627.719, 16.6667, 419610
99, 532.625, 16.6667, 321426
67, 759.719, 16.6667, 25973
95, 718.125, 16.6667, 168946
102, 509.938, 16.6667, 656390
92, 565.969, 16.6667, 709939
81, 714, 16.6667, 931087
75, 701.906, 16.6667, 291869
72, 642.406, 16.6667, 649022
85, 702.219, 16.6667, 481615
87, 497.375, 16.6667, 876441
100, 599.188, 16.6667, 312476
102, 625.5, 16.6667, 425958
101, 557.75, 16.6667, 24566
101, 545.688, 16.6667, 148261
103, 484.5, 16.6667, 827149
103, 461.062, 16.6667, 248486
102, 554.438, 16.6667, 392813
105, 558.062, 16.6667, 661697
102, 558.281, 16.6667, 948103
97, 575.031, 16.6667, 106243
99, 548.781, 16.6667, 188693
102, 576.75, 16.6667, 263619
103, 584.875, 16.6667, 355882
103, 598.375, 16.6667, 433978
99, 530.719, 16.6667, 438826
106, 491.5, 16.6667, 566926
101, 585.125, 16.6667, 676213
99, 552.188, 16.6667, 734284
100, 581.062, 16.6667, 949955
103, 476.156, 16.6667, 64710
98, 631.625, 16.6667, 124031
102, 459.75, 16.6667, 264523
100, 551.906, 16.6667, 391342
101, 575.812, 16.6667, 465200
102, 607.344, 16.6667, 487173
102, 708.156, 16.6667, 540282
97, 530.719, 16.6667, 448521
107, 633.75, 16.6667, 655149
100, 617.031, 16.6667, 831304
103, 658.125, 16.6667, 902172
81, 931.75, 16.6667, 6757
94, 550.562, 16.6667, 33065
78, 707.062, 16.6667, 463736
95, 517.688, 16.6667, 574301
89, 787.562, 16.6667, 996441
95, 637.719, 16.6667, 152772
90, 519.375, 16.6667, 809515
87, 670.406, 16.6667, 69721
89, 461, 16.6667, 337015
76, 508.25, 16.6667, 735639
85, 570.594, 16.6667, 77813
85, 755.438, 16.6667, 427989
85, 728.781, 16.6667, 572835
94, 609.031, 16.6667, 833619
88, 449.844, 16.6667, 623444
71, 950.5, 16.6667, 80679
80, 729.656, 16.6667, 111767
101, 524.375, 16.6667, 307505
96, 877, 16.6667, 844381
77, 589.719, 16.6667, 969435
84, 867.594, 16.6667, 54096
94, 518.031, 16.6667, 405203
91, 535.594, 16.6667, 89697
93, 468.688, 16.6667, 924217
80, 609.375, 16.6667, 568415
94, 666.156, 16.6667, 131237
94, 631.656, 16.6667, 446992
91, 589.125, 16.6667, 669886
84, 617.406, 16.6667, 57459
80, 744.844, 16.6667, 754722
100, 570.156, 16.6667, 50928
97, 545.406, 16.6667, 160522
101, 617.375, 16.6667, 308722
67, 2976.78, 16.6667, 352811
99, 664.25, 16.6667, 596580
100, 615.969, 16.6667, 635956
101, 638.875, 16.6667, 867242
100, 480.156, 16.6667, 931166
100, 508.781, 16.6667, 39823
102, 597.25, 16.6667, 179930
105, 607.688, 16.6667, 270473
104, 594.625, 16.6667, 324924
104, 501.281, 16.6667, 411601
102, 617.781, 16.6667, 514296
102, 588.094, 16.6667, 627641
101, 529.812, 16.6667, 736526
100, 641.188, 16.6667, 896096
102, 631.094, 16.6667, 370688
100, 476, 16.6667, 794010
100, 493.875, 16.6667, 143307
104, 692.75, 16.6667, 205110
102, 605.344, 16.6667, 137272
98, 551.844, 16.6667, 193811
107, 472.875, 16.6667, 527733
51, 3270.78, 16.6667, 685360
101, 672.781, 16.6667, 746823
105, 627.594, 16.6667, 813339
104, 592.594, 16.6667, 840574
103, 488.688, 16.6667, 889434
99, 576.75, 16.6667, 999902
97, 620.188, 16.6667, 167234
88, 624.406, 16.6667, 599186
97, 521.125, 16.6667, 992720
95, 500.406, 16.6667, 512933
76, 795.938, 16.6667, 12550
72, 720.562, 16.6667, 595557
85, 662.219, 16.6667, 894359
90, 560.219, 16.6667, 732146
71, 638.875, 16.6667, 230058
92, 529.094, 16.6667, 241343
74, 685.844, 16.6667, 523051
88, 732.469, 16.6667, 526074
91, 643, 16.6667, 748691
83, 746.188, 16.6667, 61030
94, 572.812, 16.6667, 503384
73, 705.094, 16.6667, 916179
95, 579.281, 16.6667, 142527
83, 587.281, 16.6667, 988122
97, 554.469, 16.6667, 316322
80, 457.031, 16.6667, 650381
86, 664.875, 16.6667, 100161
99, 518.781, 16.6667, 819878
74, 782.25, 16.6667, 417759
87, 882.812, 16.6667, 362547
98, 606.969, 16.6667, 617521
95, 636.125, 16.6667, 454261
85, 582.719, 16.6667, 159193
66, 1047.69, 16.6667, 475780
79, 613.812, 16.6667, 861181
65, 672.375, 16.6667, 707357
