*** ./results/CPFA_R-rand_F-pl_r24_rfc108_ffc64_10by10_time1000_iter30_ BoxPlot Data ***

Key: [DoS Disabled, Dos Enabled]

Medians: [91.0, 92.0]
Means: []
Minimums: [62.0, 50.0]
Maximums: [108.0, 108.0]
Quarter One: [83.0, 80.0]
Quarter Three: [97.0, 100.0]
Lower Outliers: [[56.0, 51.0, 56.0, 51.0, 56.0, 51.0, 56.0, 51.0, 44.0, 56.0, 59.0, 47.0, 49.0, 54.0, 55.0, 54.0, 38.0, 44.0, 56.0, 59.0, 47.0, 49.0, 54.0, 55.0, 54.0, 38.0, 52.0, 49.0, 60.0, 39.0, 51.0, 44.0, 56.0, 59.0, 47.0, 49.0, 54.0, 55.0, 54.0, 38.0, 52.0, 49.0, 60.0, 39.0, 51.0, 45.0, 46.0, 47.0, 54.0, 60.0, 60.0, 59.0, 59.0, 55.0, 52.0, 47.0, 42.0, 44.0, 56.0, 59.0, 47.0, 49.0, 54.0, 55.0, 54.0, 38.0, 52.0, 49.0, 60.0, 39.0], [45.0, 46.0, 47.0, 47.0, 42.0, 36.0, 46.0, 49.0, 44.0, 47.0, 49.0, 38.0, 49.0, 39.0, 45.0, 46.0, 47.0, 47.0, 42.0, 36.0, 46.0, 49.0, 48.0, 47.0, 41.0]]
Upper Outliers: [[], []]

