*** ./results/CPFA_R-cl_F-pl_r24_rfc108_ffc64_10by10_time1000_iter30_ BoxPlot Data ***

Key: [DoS Disabled, Dos Enabled]

Medians: [94.0, 82.0]
Means: []
Minimums: [71.0, 45.0]
Maximums: [107.0, 108.0]
Quarter One: [87.0, 73.0]
Quarter Three: [98.0, 92.25]
Lower Outliers: [[56.0, 69.0, 51.0, 65.0, 56.0, 69.0, 51.0, 65.0, 69.0, 68.0, 56.0, 69.0, 51.0, 65.0, 69.0, 68.0, 56.0, 69.0, 51.0, 65.0, 69.0, 68.0, 63.0, 68.0], [44.0, 38.0, 44.0, 38.0, 39.0, 44.0, 38.0, 39.0, 42.0, 44.0, 38.0, 39.0, 42.0, 36.0, 44.0, 38.0, 39.0, 42.0, 36.0, 41.0]]
Upper Outliers: [[], []]

