Forage: 12, 15, 17, 15, 13, 12, 15, 10, 8, 14, 5, 7, 10, 4, 3, 4, 4, 6, 1, 2, 5, 4, 1, 2, 0
Forage: 9, 17, 12, 12, 13, 15, 13, 6, 12, 14, 9, 12, 8, 6, 5, 6, 4, 6, 2, 3, 1, 3, 1, 1, 1
Forage: 14, 12, 13, 11, 14, 15, 13, 14, 11, 8, 9, 6, 8, 10, 3, 9, 5, 2, 1, 5, 1, 2, 1, 1, 0
Forage: 14, 12, 18, 13, 16, 13, 14, 12, 13, 8, 12, 7, 8, 8, 3, 7, 3, 1, 2, 3, 1, 2, 0, 0, 0
Forage: 14, 15, 12, 19, 13, 14, 9, 13, 12, 10, 10, 9, 5, 5, 7, 3, 4, 3, 1, 2, 1, 0, 2, 3, 1
Forage: 15, 16, 14, 15, 14, 10, 12, 11, 12, 13, 7, 8, 8, 7, 7, 4, 4, 1, 5, 2, 0, 0, 0, 0, 3
Forage: 15, 14, 17, 14, 15, 11, 14, 9, 15, 7, 6, 12, 3, 10, 7, 2, 5, 7, 3, 2, 2, 0, 1, 0, 0
Forage: 14, 14, 15, 14, 14, 10, 13, 12, 10, 10, 8, 10, 8, 11, 4, 3, 8, 2, 1, 3, 3, 1, 1, 1
Forage: 15, 16, 13, 13, 13, 14, 13, 10, 10, 7, 10, 8, 11, 5, 4, 6, 4, 7, 2, 2, 5, 3, 0, 0, 0
Forage: 14, 14, 13, 14, 14, 12, 12, 12, 12, 10, 4, 13, 7, 7, 7, 4, 5, 5, 2, 4, 2, 3, 0
Forage: 12, 13, 11, 16, 16, 13, 12, 11, 8, 11, 12, 8, 9, 8, 5, 5, 7, 3, 1, 3, 1, 2, 1, 0, 1
Forage: 12, 18, 13, 18, 13, 13, 14, 10, 6, 17, 6, 9, 6, 11, 4, 4, 2, 6, 2, 2, 1, 1, 0, 2, 0
Forage: 13, 19, 13, 16, 12, 13, 9, 8, 13, 12, 10, 11, 7, 7, 7, 3, 7, 3, 2, 2, 3, 0, 1, 0
Forage: 15, 19, 12, 15, 10, 11, 15, 9, 10, 8, 11, 9, 9, 9, 6, 3, 5, 3, 3, 3, 0, 1, 2, 0, 1
Forage: 14, 18, 17, 12, 13, 11, 14, 12, 12, 6, 11, 9, 9, 5, 10, 3, 5, 2, 1, 3
Forage: 9, 19, 16, 12, 12, 14, 11, 12, 11, 13, 8, 7, 10, 6, 7, 5, 1, 5, 1, 2, 1, 1, 0, 1, 2
Forage: 16, 13, 13, 16, 14, 13, 13, 9, 9, 10, 9, 8, 5, 7, 5, 5, 5, 3, 4, 2, 2, 3, 3, 1, 0
Forage: 13, 17, 15, 18, 11, 11, 17, 9, 9, 13, 9, 8, 7, 6, 7, 3, 3, 2, 3, 0, 4, 2, 0, 3, 0
Forage: 14, 13, 17, 13, 10, 11, 12, 7, 15, 9, 9, 9, 10, 4, 4, 6, 7, 4, 4, 3, 3, 2, 1, 1, 1
Forage: 14, 16, 15, 16, 13, 14, 8, 13, 12, 8, 9, 7, 6, 5, 8, 6, 3, 4, 3, 1, 2, 2, 3, 0, 1
Forage: 13, 18, 17, 13, 16, 13, 12, 12, 11, 10, 7, 6, 11, 5, 11, 1, 2, 2, 3, 2, 5, 0, 1
Forage: 12, 14, 14, 16, 9, 9, 12, 14, 13, 7, 8, 8, 7, 9, 8, 5, 5, 2, 5, 3, 4, 2, 2, 1, 1
Forage: 14, 19, 10, 11, 16, 16, 9, 14, 9, 14, 7, 9, 9, 6, 8, 3, 2, 5, 4, 3, 1, 2
Forage: 12, 16, 12, 12, 15, 12, 12, 7, 9, 12, 11, 11, 4, 10, 9, 5, 5, 4, 4, 4, 0, 1, 1, 1, 2
Forage: 15, 14, 17, 17, 11, 10, 11, 11, 12, 11, 6, 9, 11, 5, 7, 3, 4, 4, 4, 4, 1, 1, 2, 1
Forage: 14, 13, 15, 14, 15, 12, 14, 8, 7, 13, 14, 7, 9, 4, 9, 5, 4, 4, 2, 1, 2, 1, 2, 0, 0
Forage: 11, 18, 15, 12, 15, 12, 11, 10, 9, 11, 9, 6, 8, 10, 6, 7, 4, 5, 4, 2, 1, 2
Forage: 14, 13, 14, 13, 12, 13, 11, 9, 14, 9, 13, 8, 11, 4, 7, 2, 6, 3, 5, 3, 4, 1, 0, 0, 2
Forage: 15, 17, 12, 14, 15, 9, 12, 17, 6, 7, 11, 9, 8, 6, 8, 3, 2, 5, 5, 3, 4, 2, 0
Forage: 14, 13, 16, 13, 12, 10, 12, 14, 7, 13, 5, 9, 9, 5, 6, 8, 6, 4, 1, 3, 2, 1, 0, 0, 3
Forage: 12, 17, 17, 14, 13, 14, 12, 11, 8, 9, 9, 8, 10, 3, 10, 4, 5, 4, 2, 3, 4, 1, 1
Forage: 14, 17, 10, 13, 16, 11, 14, 10, 8, 11, 10, 8, 5, 9, 3, 6, 4, 4, 4, 3, 0, 4, 1, 3, 2
Forage: 13, 18, 13, 14, 16, 12, 13, 9, 11, 8, 9, 14, 5, 5, 8, 6, 4, 1, 2, 3, 2, 0, 1, 2, 1
Forage: 13, 15, 15, 15, 13, 12, 11, 10, 12, 10, 11, 5, 8, 9, 4, 2, 4, 7, 3, 2, 3, 1, 2, 2, 0
Forage: 14, 18, 10, 17, 7, 15, 13, 13, 8, 8, 8, 7, 11, 6, 9, 5, 5, 2, 2, 3, 5, 0, 2, 1, 1
Forage: 12, 12, 17, 16, 12, 11, 16, 11, 15, 10, 11, 8, 5, 8, 6, 5, 3, 5, 1, 4, 0, 2, 0, 1, 0
Forage: 13, 15, 14, 15, 16, 12, 11, 11, 14, 9, 6, 8, 9, 5, 6, 5, 7, 4, 1, 2, 2, 1, 1, 2, 2
Forage: 15, 15, 15, 15, 10, 11, 12, 11, 12, 7, 9, 10, 6, 9, 5, 7, 5, 2, 3, 4, 0, 2, 0, 2, 1
Forage: 13, 15, 16, 17, 13, 13, 13, 8, 13, 5, 10, 6, 8, 9, 7, 4, 3, 6, 3, 2, 1, 2, 0, 1, 0
Forage: 13, 16, 14, 15, 8, 9, 13, 13, 13, 7, 9, 11, 8, 4, 8, 8, 4, 5, 5, 3, 3, 0, 2, 0
Forage: 11, 16, 14, 16, 10, 11, 12, 12, 8, 10, 8, 9, 9, 10, 5, 7, 3, 3, 4, 2, 3, 0, 2, 2, 3
Forage: 10, 18, 13, 13, 17, 13, 8, 13, 11, 11, 9, 8, 7, 9, 6, 3, 6, 5, 3, 2, 5, 0, 0, 1, 0
Forage: 14, 13, 16, 15, 15, 11, 10, 9, 14, 11, 13, 7, 4, 7, 6, 6, 7, 4, 2, 3, 0, 1, 0, 1, 0
Forage: 14, 15, 15, 15, 15, 12, 10, 8, 9, 13, 12, 6, 11, 7, 6, 5, 0, 4, 3, 2, 4, 2, 1, 0, 1
Forage: 13, 15, 14, 15, 11, 13, 13, 13, 9, 9, 15, 9, 11, 6, 4, 2, 3, 4, 3, 1, 2, 2, 2, 0, 1
Forage: 13, 16, 17, 11, 12, 11, 14, 12, 12, 10, 10, 8, 7, 8, 7, 4, 8, 1, 5, 1, 3
Forage: 13, 16, 15, 15, 13, 12, 11, 10, 11, 11, 9, 9, 8, 6, 6, 5, 5, 2, 1, 4, 3, 2, 0, 2, 0
Forage: 14, 19, 10, 13, 10, 17, 12, 9, 14, 10, 9, 8, 7, 9, 1, 5, 5, 3, 3, 4, 1, 3, 0, 1, 1
Forage: 12, 17, 14, 11, 16, 11, 9, 10, 13, 13, 7, 5, 12, 2, 11, 6, 1, 7, 3, 3, 1, 3, 2, 0, 0
Forage: 13, 16, 15, 11, 13, 11, 16, 11, 12, 10, 11, 6, 10, 4, 6, 6, 5, 4, 3, 1, 0, 1, 1, 0, 2
Forage: 11, 9, 7, 2, 1, 1, 0, 2, 0, 3, 4, 2, 1, 1, 4, 2, 5, 2, 3, 2, 5, 4, 2, 2, 5
Forage: 12, 12, 12, 13, 12, 10, 7, 11, 11, 5, 9, 9, 6, 8, 5, 8, 6, 6, 5, 5, 5, 4, 2, 3, 2
Forage: 9, 12, 12, 10, 11, 12, 10, 10, 9, 9, 12, 5, 11, 4, 10, 7, 11, 4, 8, 2, 4, 1, 1, 2, 1
Forage: 10, 12, 15, 10, 13, 10, 14, 10, 7, 9, 8, 5, 7, 8, 2, 9, 6, 6, 5, 5, 2, 2, 3, 4, 0
Forage: 10, 12, 10, 9, 14, 11, 12, 12, 6, 9, 9, 8, 8, 6, 9, 8, 8, 2, 7, 4, 6, 3, 3, 0, 1
Forage: 11, 7, 1, 0, 2, 0, 0, 0, 1, 1, 2, 3, 4, 5, 3, 5, 4, 7, 3, 6, 3, 5, 5, 5, 6
Forage: 7, 13, 10, 12, 11, 6, 13, 10, 9, 5, 10, 4, 15, 7, 9, 7, 6, 6, 5, 4, 7, 2, 5, 1, 2
Forage: 6, 8, 13, 12, 9, 12, 11, 8, 11, 12, 10, 5, 10, 6, 9, 6, 9, 7, 3, 6, 1, 2, 1, 5, 2
Forage: 11, 14, 16, 6, 9, 11, 10, 7, 11, 10, 6, 9, 8, 10, 4, 6, 5, 4, 7, 5, 2, 2, 5, 4, 3
Forage: 10, 10, 12, 12, 10, 12, 11, 10, 6, 9, 9, 8, 5, 4, 7, 9, 6, 6, 7, 7, 5, 2, 1, 3, 2
Forage: 12, 13, 11, 11, 12, 11, 12, 7, 11, 8, 8, 5, 6, 10, 2, 6, 5, 9, 2, 7, 3, 1, 4, 1, 4
Forage: 8, 14, 14, 13, 13, 10, 11, 8, 14, 6, 9, 11, 7, 7, 10, 4, 8, 3, 6, 2, 2, 5, 2, 0, 2
Forage: 9, 13, 13, 12, 9, 9, 8, 9, 10, 11, 7, 6, 10, 9, 8, 4, 7, 4, 6, 4, 6, 1, 3, 5, 1
Forage: 11, 11, 8, 11, 11, 8, 9, 12, 11, 12, 5, 10, 7, 7, 6, 5, 7, 7, 5, 6, 4, 4, 3, 3, 3
Forage: 9, 10, 10, 11, 8, 14, 11, 11, 7, 10, 4, 11, 4, 10, 7, 11, 3, 5, 8, 5, 2, 6, 3, 1, 6
Forage: 9, 14, 11, 11, 14, 9, 11, 8, 7, 10, 6, 12, 8, 7, 6, 9, 6, 7, 5, 3, 3, 4, 2, 1, 4
Forage: 11, 14, 17, 11, 13, 9, 11, 10, 8, 8, 7, 8, 9, 10, 4, 5, 3, 4, 4, 3, 6, 4, 4, 3, 2
Forage: 10, 9, 12, 11, 16, 10, 10, 10, 6, 11, 8, 8, 6, 12, 6, 5, 3, 7, 3, 10, 0, 5, 6, 2, 2
Forage: 14, 13, 11, 10, 11, 7, 12, 13, 9, 7, 10, 9, 7, 8, 10, 6, 5, 6, 3, 6, 1, 5, 4, 1, 1
Forage: 12, 15, 8, 12, 9, 16, 7, 7, 9, 8, 8, 11, 9, 7, 8, 8, 6, 3, 3, 5, 4, 3, 2, 2, 3
Forage: 11, 11, 11, 11, 10, 9, 12, 9, 9, 9, 10, 10, 9, 8, 7, 6, 5, 6, 2, 5, 1, 7, 3, 3, 2
Forage: 10, 12, 9, 14, 10, 14, 6, 8, 10, 8, 11, 11, 7, 10, 6, 7, 4, 4, 4, 6, 3, 1, 3, 1, 2
Forage: 11, 11, 13, 13, 9, 10, 10, 7, 7, 10, 9, 11, 11, 7, 6, 6, 7, 4, 6, 2, 6, 2, 4, 5, 2
Forage: 12, 11, 11, 14, 10, 6, 13, 10, 6, 11, 8, 11, 7, 3, 8, 8, 4, 3, 4, 6, 4, 4, 4, 3, 1
Forage: 10, 16, 11, 8, 12, 10, 12, 9, 10, 9, 9, 9, 9, 8, 6, 8, 4, 7, 6, 4, 7, 1, 3, 1, 0
Forage: 9, 6, 9, 13, 8, 12, 9, 13, 7, 9, 8, 9, 5, 10, 7, 5, 8, 7, 6, 3, 3, 5, 6, 5, 1
Forage: 7, 13, 10, 15, 12, 12, 8, 11, 13, 10, 8, 7, 6, 6, 4, 6, 5, 6, 5, 4, 3, 6, 3, 1, 2
Forage: 8, 12, 9, 12, 11, 11, 12, 12, 9, 7, 8, 9, 9, 6, 7, 8, 2, 6, 8, 5, 4, 3, 6, 1, 2
Forage: 8, 7, 18, 8, 11, 9, 11, 10, 7, 6, 10, 11, 5, 7, 9, 8, 9, 8, 4, 5, 6, 0, 5, 1, 2
Forage: 11, 12, 11, 9, 16, 7, 8, 14, 5, 6, 11, 6, 8, 9, 6, 9, 6, 7, 3, 6, 4, 3, 3, 4, 2
Forage: 13, 9, 12, 11, 11, 12, 10, 10, 6, 10, 9, 8, 5, 7, 9, 9, 5, 4, 5, 6, 2, 3, 1, 3, 3
Forage: 12, 10, 12, 8, 11, 10, 10, 12, 10, 8, 9, 10, 5, 10, 6, 7, 5, 6, 6, 3, 3, 7, 2, 3, 2
Forage: 9, 10, 13, 8, 12, 14, 11, 9, 7, 11, 10, 10, 6, 7, 7, 7, 7, 7, 5, 3, 2, 1, 3, 2, 2
Forage: 8, 16, 10, 12, 11, 11, 5, 9, 8, 8, 12, 8, 10, 11, 5, 4, 7, 4, 6, 4, 1, 4, 1, 4, 4
Forage: 11, 10, 8, 12, 10, 10, 13, 11, 14, 7, 8, 9, 10, 7, 7, 5, 7, 1, 6, 6, 4, 5, 1, 3, 1
Forage: 9, 12, 13, 10, 11, 7, 13, 11, 14, 6, 10, 5, 7, 9, 9, 7, 8, 3, 6, 6, 2, 5, 3, 1, 0
Forage: 9, 15, 13, 10, 8, 13, 12, 5, 10, 11, 14, 10, 8, 9, 5, 8, 8, 3, 8, 1, 1, 4, 0, 3, 2
Forage: 11, 8, 14, 8, 12, 6, 10, 12, 8, 9, 11, 9, 8, 6, 11, 7, 6, 3, 9, 3, 4, 4, 4, 2, 2
Forage: 8, 9, 11, 16, 12, 9, 10, 11, 8, 11, 9, 11, 5, 8, 5, 3, 6, 6, 4, 3, 7, 3, 3, 5, 2
Forage: 11, 12, 13, 13, 11, 12, 9, 7, 9, 9, 11, 9, 10, 6, 7, 6, 7, 5, 3, 3, 3, 4, 2, 3, 2
Forage: 9, 15, 14, 11, 11, 11, 9, 11, 6, 10, 8, 10, 6, 4, 5, 10, 7, 6, 8, 6, 2, 0, 3, 2, 3
Forage: 7, 12, 11, 10, 10, 6, 11, 8, 12, 9, 11, 6, 8, 12, 10, 6, 4, 3, 5, 5, 8, 3, 4, 2, 2
Forage: 12, 15, 16, 13, 8, 10, 8, 12, 9, 6, 6, 10, 10, 8, 4, 10, 5, 2, 6, 0, 2, 4, 3, 2, 4
Forage: 9, 12, 15, 8, 12, 8, 10, 6, 10, 11, 11, 6, 10, 3, 8, 9, 4, 4, 5, 6, 8, 3, 4, 1, 3
Forage: 10, 14, 10, 13, 11, 11, 12, 7, 10, 11, 8, 8, 9, 9, 8, 6, 6, 3, 4, 3, 7, 2, 2, 0, 0
Forage: 9, 14, 13, 11, 12, 11, 9, 11, 12, 10, 10, 9, 6, 6, 6, 6, 3, 8, 5, 4, 5, 1, 4, 2, 1
Forage: 8, 13, 13, 8, 13, 12, 10, 8, 7, 8, 10, 11, 7, 8, 7, 4, 7, 5, 3, 4, 7, 4, 1, 5, 2
Forage: 10, 13, 14, 12, 8, 12, 10, 9, 11, 11, 7, 7, 7, 6, 6, 7, 6, 8, 3, 4, 2, 2, 4, 1, 4
Forage: 14, 12, 10, 15, 7, 10, 8, 8, 7, 11, 8, 8, 8, 4, 9, 6, 5, 6, 7, 5, 4, 4, 1, 3, 5
Forage: 14, 11, 15, 11, 10, 9, 11, 10, 7, 8, 9, 5, 7, 6, 10, 7, 10, 4, 3, 5, 3, 5, 1, 4, 1
