Simulation Time (seconds), Total Food Collected, Total Food Collection Rate (per second), Real Food Collected, Real Food Collection Rate (per second), Fake Food Collected, Fake Food Collection Rate (per second)
1000,117,0.117,117,0.117,0,0
1000,110,0.11,110,0.11,0,0
1000,118,0.118,118,0.118,0,0
1000,119,0.119,119,0.119,0,0
1000,110,0.11,110,0.11,0,0
1000,114,0.114,114,0.114,0,0
1000,118,0.118,118,0.118,0,0
1000,104,0.104,104,0.104,0,0
1000,109,0.109,109,0.109,0,0
1000,114,0.114,114,0.114,0,0
1000,125,0.125,125,0.125,0,0
1000,114,0.114,114,0.114,0,0
1000,112,0.112,112,0.112,0,0
1000,113,0.113,113,0.113,0,0
1000,117,0.117,117,0.117,0,0
1000,100,0.1,100,0.1,0,0
1000,112,0.112,112,0.112,0,0
1000,112,0.112,112,0.112,0,0
1000,112,0.112,112,0.112,0,0
1000,110,0.11,110,0.11,0,0
1000,116,0.116,116,0.116,0,0
1000,118,0.118,118,0.118,0,0
1000,107,0.107,107,0.107,0,0
1000,105,0.105,105,0.105,0,0
1000,112,0.112,112,0.112,0,0
1000,120,0.12,120,0.12,0,0
1000,101,0.101,101,0.101,0,0
1000,123,0.123,123,0.123,0,0
1000,108,0.108,108,0.108,0,0
1000,117,0.117,117,0.117,0,0
1000,102,0.102,102,0.102,0,0
1000,122,0.122,122,0.122,0,0
1000,121,0.121,121,0.121,0,0
1000,113,0.113,113,0.113,0,0
1000,109,0.109,109,0.109,0,0
1000,112,0.112,112,0.112,0,0
1000,101,0.101,101,0.101,0,0
1000,108,0.108,108,0.108,0,0
1000,115,0.115,115,0.115,0,0
1000,111,0.111,111,0.111,0,0
1000,111,0.111,111,0.111,0,0
1000,102,0.102,102,0.102,0,0
1000,111,0.111,111,0.111,0,0
1000,101,0.101,101,0.101,0,0
1000,111,0.111,111,0.111,0,0
1000,116,0.116,116,0.116,0,0
1000,111,0.111,111,0.111,0,0
1000,111,0.111,111,0.111,0,0
1000,105,0.105,105,0.105,0,0
1000,117,0.117,117,0.117,0,0
1000,167,0.167,107,0.107,60,0.06
1000,153,0.153,94,0.094,59,0.059
1000,156,0.156,103,0.103,53,0.053
1000,149,0.149,92,0.092,57,0.057
1000,150,0.15,103,0.103,47,0.047
1000,147,0.147,95,0.095,52,0.052
1000,158,0.158,102,0.102,56,0.056
1000,156,0.156,103,0.103,53,0.053
1000,155,0.155,102,0.102,53,0.053
1000,152,0.152,109,0.109,43,0.043
1000,161,0.161,103,0.103,58,0.058
1000,134,0.134,91,0.091,43,0.043
1000,155,0.155,102,0.102,53,0.053
1000,116,0.116,87,0.087,29,0.029
1000,160,0.16,112,0.112,48,0.048
1000,141,0.141,83,0.083,58,0.058
1000,137,0.137,78,0.078,59,0.059
1000,128,0.128,98,0.098,30,0.03
1000,147,0.147,94,0.094,53,0.053
1000,149,0.149,106,0.106,43,0.043
1000,136,0.136,81,0.081,55,0.055
1000,138,0.138,100,0.1,38,0.038
1000,151,0.151,101,0.101,50,0.05
1000,148,0.148,100,0.1,48,0.048
1000,153,0.153,106,0.106,47,0.047
1000,149,0.149,99,0.099,50,0.05
1000,147,0.147,90,0.09,57,0.057
1000,169,0.169,109,0.109,60,0.06
1000,155,0.155,97,0.097,58,0.058
1000,135,0.135,95,0.095,40,0.04
1000,136,0.136,83,0.083,53,0.053
1000,151,0.151,100,0.1,51,0.051
1000,145,0.145,93,0.093,52,0.052
1000,157,0.157,103,0.103,54,0.054
1000,150,0.15,95,0.095,55,0.055
1000,152,0.152,98,0.098,54,0.054
1000,149,0.149,96,0.096,53,0.053
1000,138,0.138,93,0.093,45,0.045
1000,167,0.167,112,0.112,55,0.055
1000,153,0.153,101,0.101,52,0.052
1000,144,0.144,85,0.085,59,0.059
1000,137,0.137,90,0.09,47,0.047
1000,147,0.147,109,0.109,38,0.038
1000,161,0.161,104,0.104,57,0.057
1000,155,0.155,100,0.1,55,0.055
1000,148,0.148,98,0.098,50,0.05
1000,155,0.155,106,0.106,49,0.049
1000,151,0.151,102,0.102,49,0.049
1000,151,0.151,105,0.105,46,0.046
1000,142,0.142,99,0.099,43,0.043
1000,113,0.113,113,0.113,0,0
1000,117,0.117,117,0.117,0,0
1000,112,0.112,112,0.112,0,0
1000,124,0.124,124,0.124,0,0
1000,112,0.112,112,0.112,0,0
1000,110,0.11,110,0.11,0,0
1000,108,0.108,108,0.108,0,0
1000,125,0.125,125,0.125,0,0
1000,110,0.11,110,0.11,0,0
1000,108,0.108,108,0.108,0,0
1000,112,0.112,112,0.112,0,0
1000,120,0.12,120,0.12,0,0
1000,121,0.121,121,0.121,0,0
1000,113,0.113,113,0.113,0,0
1000,115,0.115,115,0.115,0,0
1000,117,0.117,117,0.117,0,0
1000,111,0.111,111,0.111,0,0
1000,123,0.123,123,0.123,0,0
1000,117,0.117,117,0.117,0,0
1000,122,0.122,122,0.122,0,0
1000,121,0.121,121,0.121,0,0
1000,115,0.115,115,0.115,0,0
1000,113,0.113,113,0.113,0,0
1000,113,0.113,113,0.113,0,0
1000,111,0.111,111,0.111,0,0
1000,119,0.119,119,0.119,0,0
1000,116,0.116,116,0.116,0,0
1000,116,0.116,116,0.116,0,0
1000,118,0.118,118,0.118,0,0
1000,118,0.118,118,0.118,0,0
1000,120,0.12,120,0.12,0,0
1000,110,0.11,110,0.11,0,0
1000,110,0.11,110,0.11,0,0
1000,114,0.114,114,0.114,0,0
1000,110,0.11,110,0.11,0,0
1000,110,0.11,110,0.11,0,0
1000,118,0.118,118,0.118,0,0
1000,110,0.11,110,0.11,0,0
1000,125,0.125,125,0.125,0,0
1000,115,0.115,115,0.115,0,0
1000,112,0.112,112,0.112,0,0
1000,121,0.121,121,0.121,0,0
1000,113,0.113,113,0.113,0,0
1000,118,0.118,118,0.118,0,0
1000,118,0.118,118,0.118,0,0
1000,121,0.121,121,0.121,0,0
1000,122,0.122,122,0.122,0,0
1000,112,0.112,112,0.112,0,0
1000,116,0.116,116,0.116,0,0
1000,115,0.115,115,0.115,0,0
1000,153,0.153,93,0.093,60,0.06
1000,172,0.172,97,0.097,75,0.075
1000,171,0.171,101,0.101,70,0.07
1000,123,0.123,65,0.065,58,0.058
1000,165,0.165,91,0.091,74,0.074
1000,164,0.164,85,0.085,79,0.079
1000,143,0.143,77,0.077,66,0.066
1000,163,0.163,89,0.089,74,0.074
1000,153,0.153,80,0.08,73,0.073
1000,158,0.158,90,0.09,68,0.068
1000,155,0.155,109,0.109,46,0.046
1000,159,0.159,88,0.088,71,0.071
1000,154,0.154,86,0.086,68,0.068
1000,173,0.173,88,0.088,85,0.085
1000,166,0.166,87,0.087,79,0.079
1000,170,0.17,93,0.093,77,0.077
1000,161,0.161,88,0.088,73,0.073
1000,178,0.178,103,0.103,75,0.075
1000,168,0.168,100,0.1,68,0.068
1000,146,0.146,91,0.091,55,0.055
1000,176,0.176,111,0.111,65,0.065
1000,183,0.183,99,0.099,84,0.084
1000,138,0.138,81,0.081,57,0.057
1000,175,0.175,106,0.106,69,0.069
1000,166,0.166,87,0.087,79,0.079
1000,157,0.157,94,0.094,63,0.063
1000,159,0.159,100,0.1,59,0.059
1000,145,0.145,75,0.075,70,0.07
1000,153,0.153,78,0.078,75,0.075
1000,169,0.169,96,0.096,73,0.073
1000,176,0.176,109,0.109,67,0.067
1000,161,0.161,97,0.097,64,0.064
1000,173,0.173,99,0.099,74,0.074
1000,174,0.174,100,0.1,74,0.074
1000,174,0.174,94,0.094,80,0.08
1000,159,0.159,88,0.088,71,0.071
1000,153,0.153,94,0.094,59,0.059
1000,164,0.164,84,0.084,80,0.08
1000,154,0.154,83,0.083,71,0.071
1000,167,0.167,94,0.094,73,0.073
1000,139,0.139,72,0.072,67,0.067
1000,163,0.163,96,0.096,67,0.067
1000,156,0.156,79,0.079,77,0.077
1000,171,0.171,102,0.102,69,0.069
1000,174,0.174,96,0.096,78,0.078
1000,141,0.141,55,0.055,86,0.086
1000,171,0.171,99,0.099,72,0.072
1000,168,0.168,94,0.094,74,0.074
1000,164,0.164,91,0.091,73,0.073
1000,166,0.166,90,0.09,76,0.076
1000,110,0.11,110,0.11,0,0
1000,111,0.111,111,0.111,0,0
1000,113,0.113,113,0.113,0,0
1000,121,0.121,121,0.121,0,0
1000,111,0.111,111,0.111,0,0
1000,124,0.124,124,0.124,0,0
1000,117,0.117,117,0.117,0,0
1000,101,0.101,101,0.101,0,0
1000,110,0.11,110,0.11,0,0
1000,116,0.116,116,0.116,0,0
1000,120,0.12,120,0.12,0,0
1000,116,0.116,116,0.116,0,0
1000,107,0.107,107,0.107,0,0
1000,99,0.099,99,0.099,0,0
1000,118,0.118,118,0.118,0,0
1000,115,0.115,115,0.115,0,0
1000,113,0.113,113,0.113,0,0
1000,120,0.12,120,0.12,0,0
1000,110,0.11,110,0.11,0,0
1000,109,0.109,109,0.109,0,0
1000,120,0.12,120,0.12,0,0
1000,112,0.112,112,0.112,0,0
1000,105,0.105,105,0.105,0,0
1000,119,0.119,119,0.119,0,0
1000,118,0.118,118,0.118,0,0
1000,117,0.117,117,0.117,0,0
1000,120,0.12,120,0.12,0,0
1000,118,0.118,118,0.118,0,0
1000,118,0.118,118,0.118,0,0
1000,107,0.107,107,0.107,0,0
1000,118,0.118,118,0.118,0,0
1000,103,0.103,103,0.103,0,0
1000,112,0.112,112,0.112,0,0
1000,111,0.111,111,0.111,0,0
1000,117,0.117,117,0.117,0,0
1000,122,0.122,122,0.122,0,0
1000,115,0.115,115,0.115,0,0
1000,105,0.105,105,0.105,0,0
1000,111,0.111,111,0.111,0,0
1000,114,0.114,114,0.114,0,0
1000,120,0.12,120,0.12,0,0
1000,112,0.112,112,0.112,0,0
1000,105,0.105,105,0.105,0,0
1000,105,0.105,105,0.105,0,0
1000,123,0.123,123,0.123,0,0
1000,122,0.122,122,0.122,0,0
1000,104,0.104,104,0.104,0,0
1000,105,0.105,105,0.105,0,0
1000,117,0.117,117,0.117,0,0
1000,122,0.122,122,0.122,0,0
1000,191,0.191,99,0.099,92,0.092
1000,140,0.14,85,0.085,55,0.055
1000,168,0.168,92,0.092,76,0.076
1000,172,0.172,83,0.083,89,0.089
1000,171,0.171,83,0.083,88,0.088
1000,183,0.183,89,0.089,94,0.094
1000,157,0.157,86,0.086,71,0.071
1000,157,0.157,63,0.063,94,0.094
1000,155,0.155,95,0.095,60,0.06
1000,170,0.17,91,0.091,79,0.079
1000,160,0.16,64,0.064,96,0.096
1000,150,0.15,89,0.089,61,0.061
1000,179,0.179,86,0.086,93,0.093
1000,162,0.162,90,0.09,72,0.072
1000,175,0.175,93,0.093,82,0.082
1000,180,0.18,76,0.076,104,0.104
1000,171,0.171,84,0.084,87,0.087
1000,173,0.173,88,0.088,85,0.085
1000,117,0.117,42,0.042,75,0.075
1000,148,0.148,91,0.091,57,0.057
1000,185,0.185,99,0.099,86,0.086
1000,178,0.178,89,0.089,89,0.089
1000,181,0.181,86,0.086,95,0.095
1000,181,0.181,88,0.088,93,0.093
1000,175,0.175,98,0.098,77,0.077
1000,170,0.17,74,0.074,96,0.096
1000,186,0.186,108,0.108,78,0.078
1000,165,0.165,79,0.079,86,0.086
1000,156,0.156,95,0.095,61,0.061
1000,150,0.15,80,0.08,70,0.07
1000,180,0.18,85,0.085,95,0.095
1000,179,0.179,90,0.09,89,0.089
1000,175,0.175,71,0.071,104,0.104
1000,166,0.166,99,0.099,67,0.067
1000,179,0.179,92,0.092,87,0.087
1000,166,0.166,89,0.089,77,0.077
1000,173,0.173,95,0.095,78,0.078
1000,190,0.19,85,0.085,105,0.105
1000,182,0.182,90,0.09,92,0.092
1000,138,0.138,69,0.069,69,0.069
1000,162,0.162,80,0.08,82,0.082
1000,179,0.179,92,0.092,87,0.087
1000,165,0.165,84,0.084,81,0.081
1000,160,0.16,75,0.075,85,0.085
1000,150,0.15,52,0.052,98,0.098
1000,146,0.146,78,0.078,68,0.068
1000,161,0.161,80,0.08,81,0.081
1000,167,0.167,97,0.097,70,0.07
1000,147,0.147,76,0.076,71,0.071
1000,138,0.138,59,0.059,79,0.079
1000,108,0.108,108,0.108,0,0
1000,116,0.116,116,0.116,0,0
1000,94,0.094,94,0.094,0,0
1000,112,0.112,112,0.112,0,0
1000,122,0.122,122,0.122,0,0
1000,120,0.12,120,0.12,0,0
1000,119,0.119,119,0.119,0,0
1000,114,0.114,114,0.114,0,0
1000,117,0.117,117,0.117,0,0
1000,108,0.108,108,0.108,0,0
1000,119,0.119,119,0.119,0,0
1000,123,0.123,123,0.123,0,0
1000,113,0.113,113,0.113,0,0
1000,96,0.096,96,0.096,0,0
1000,109,0.109,109,0.109,0,0
1000,119,0.119,119,0.119,0,0
1000,112,0.112,112,0.112,0,0
1000,114,0.114,114,0.114,0,0
1000,114,0.114,114,0.114,0,0
1000,122,0.122,122,0.122,0,0
1000,122,0.122,122,0.122,0,0
1000,116,0.116,116,0.116,0,0
1000,116,0.116,116,0.116,0,0
1000,110,0.11,110,0.11,0,0
1000,116,0.116,116,0.116,0,0
1000,113,0.113,113,0.113,0,0
1000,120,0.12,120,0.12,0,0
1000,111,0.111,111,0.111,0,0
1000,110,0.11,110,0.11,0,0
1000,110,0.11,110,0.11,0,0
1000,112,0.112,112,0.112,0,0
1000,114,0.114,114,0.114,0,0
1000,110,0.11,110,0.11,0,0
1000,107,0.107,107,0.107,0,0
1000,117,0.117,117,0.117,0,0
1000,117,0.117,117,0.117,0,0
1000,123,0.123,123,0.123,0,0
1000,93,0.093,93,0.093,0,0
1000,111,0.111,111,0.111,0,0
1000,121,0.121,121,0.121,0,0
1000,109,0.109,109,0.109,0,0
1000,103,0.103,103,0.103,0,0
1000,114,0.114,114,0.114,0,0
1000,116,0.116,116,0.116,0,0
1000,121,0.121,121,0.121,0,0
1000,108,0.108,108,0.108,0,0
1000,122,0.122,122,0.122,0,0
1000,123,0.123,123,0.123,0,0
1000,113,0.113,113,0.113,0,0
1000,109,0.109,109,0.109,0,0
1000,174,0.174,85,0.085,89,0.089
1000,187,0.187,88,0.088,99,0.099
1000,179,0.179,66,0.066,113,0.113
1000,181,0.181,79,0.079,102,0.102
1000,180,0.18,81,0.081,99,0.099
1000,198,0.198,98,0.098,100,0.1
1000,177,0.177,76,0.076,101,0.101
1000,163,0.163,74,0.074,89,0.089
1000,168,0.168,77,0.077,91,0.091
1000,185,0.185,82,0.082,103,0.103
1000,194,0.194,89,0.089,105,0.105
1000,180,0.18,81,0.081,99,0.099
1000,189,0.189,97,0.097,92,0.092
1000,195,0.195,92,0.092,103,0.103
1000,173,0.173,79,0.079,94,0.094
1000,173,0.173,94,0.094,79,0.079
1000,159,0.159,85,0.085,74,0.074
1000,190,0.19,103,0.103,87,0.087
1000,194,0.194,90,0.09,104,0.104
1000,169,0.169,77,0.077,92,0.092
1000,190,0.19,104,0.104,86,0.086
1000,159,0.159,65,0.065,94,0.094
1000,170,0.17,48,0.048,122,0.122
1000,153,0.153,49,0.049,104,0.104
1000,158,0.158,70,0.07,88,0.088
1000,157,0.157,85,0.085,72,0.072
1000,177,0.177,85,0.085,92,0.092
1000,181,0.181,96,0.096,85,0.085
1000,188,0.188,87,0.087,101,0.101
1000,196,0.196,78,0.078,118,0.118
1000,159,0.159,65,0.065,94,0.094
1000,185,0.185,83,0.083,102,0.102
1000,185,0.185,94,0.094,91,0.091
1000,176,0.176,89,0.089,87,0.087
1000,180,0.18,80,0.08,100,0.1
1000,177,0.177,79,0.079,98,0.098
1000,177,0.177,80,0.08,97,0.097
1000,162,0.162,68,0.068,94,0.094
1000,181,0.181,74,0.074,107,0.107
1000,196,0.196,97,0.097,99,0.099
1000,165,0.165,75,0.075,90,0.09
1000,186,0.186,92,0.092,94,0.094
1000,177,0.177,93,0.093,84,0.084
1000,175,0.175,94,0.094,81,0.081
1000,184,0.184,90,0.09,94,0.094
1000,177,0.177,89,0.089,88,0.088
1000,186,0.186,72,0.072,114,0.114
1000,161,0.161,63,0.063,98,0.098
1000,163,0.163,79,0.079,84,0.084
1000,190,0.19,82,0.082,108,0.108
1000,115,0.115,115,0.115,0,0
1000,115,0.115,115,0.115,0,0
1000,122,0.122,122,0.122,0,0
1000,117,0.117,117,0.117,0,0
1000,120,0.12,120,0.12,0,0
1000,115,0.115,115,0.115,0,0
1000,111,0.111,111,0.111,0,0
1000,107,0.107,107,0.107,0,0
1000,113,0.113,113,0.113,0,0
1000,112,0.112,112,0.112,0,0
1000,117,0.117,117,0.117,0,0
1000,122,0.122,122,0.122,0,0
1000,123,0.123,123,0.123,0,0
1000,108,0.108,108,0.108,0,0
1000,102,0.102,102,0.102,0,0
1000,119,0.119,119,0.119,0,0
1000,107,0.107,107,0.107,0,0
1000,112,0.112,112,0.112,0,0
1000,117,0.117,117,0.117,0,0
1000,116,0.116,116,0.116,0,0
1000,115,0.115,115,0.115,0,0
1000,120,0.12,120,0.12,0,0
1000,106,0.106,106,0.106,0,0
1000,106,0.106,106,0.106,0,0
1000,114,0.114,114,0.114,0,0
1000,112,0.112,112,0.112,0,0
1000,119,0.119,119,0.119,0,0
1000,115,0.115,115,0.115,0,0
1000,115,0.115,115,0.115,0,0
1000,105,0.105,105,0.105,0,0
1000,114,0.114,114,0.114,0,0
1000,117,0.117,117,0.117,0,0
1000,107,0.107,107,0.107,0,0
1000,106,0.106,106,0.106,0,0
1000,119,0.119,119,0.119,0,0
1000,114,0.114,114,0.114,0,0
1000,110,0.11,110,0.11,0,0
1000,123,0.123,123,0.123,0,0
1000,115,0.115,115,0.115,0,0
1000,113,0.113,113,0.113,0,0
1000,116,0.116,116,0.116,0,0
1000,122,0.122,122,0.122,0,0
1000,119,0.119,119,0.119,0,0
1000,109,0.109,109,0.109,0,0
1000,113,0.113,113,0.113,0,0
1000,115,0.115,115,0.115,0,0
1000,106,0.106,106,0.106,0,0
1000,110,0.11,110,0.11,0,0
1000,120,0.12,120,0.12,0,0
1000,110,0.11,110,0.11,0,0
1000,146,0.146,86,0.086,60,0.06
1000,174,0.174,86,0.086,88,0.088
1000,205,0.205,82,0.082,123,0.123
1000,161,0.161,71,0.071,90,0.09
1000,162,0.162,65,0.065,97,0.097
1000,194,0.194,88,0.088,106,0.106
1000,193,0.193,79,0.079,114,0.114
1000,143,0.143,66,0.066,77,0.077
1000,150,0.15,76,0.076,74,0.074
1000,166,0.166,65,0.065,101,0.101
1000,184,0.184,61,0.061,123,0.123
1000,179,0.179,64,0.064,115,0.115
1000,182,0.182,76,0.076,106,0.106
1000,165,0.165,45,0.045,120,0.12
1000,179,0.179,84,0.084,95,0.095
1000,147,0.147,55,0.055,92,0.092
1000,161,0.161,71,0.071,90,0.09
1000,179,0.179,64,0.064,115,0.115
1000,197,0.197,87,0.087,110,0.11
1000,145,0.145,43,0.043,102,0.102
1000,181,0.181,77,0.077,104,0.104
1000,183,0.183,83,0.083,100,0.1
1000,172,0.172,55,0.055,117,0.117
1000,186,0.186,92,0.092,94,0.094
1000,181,0.181,77,0.077,104,0.104
1000,167,0.167,85,0.085,82,0.082
1000,179,0.179,86,0.086,93,0.093
1000,177,0.177,80,0.08,97,0.097
1000,178,0.178,78,0.078,100,0.1
1000,172,0.172,49,0.049,123,0.123
1000,184,0.184,70,0.07,114,0.114
1000,120,0.12,49,0.049,71,0.071
1000,189,0.189,90,0.09,99,0.099
1000,191,0.191,81,0.081,110,0.11
1000,182,0.182,67,0.067,115,0.115
1000,188,0.188,78,0.078,110,0.11
1000,190,0.19,97,0.097,93,0.093
1000,174,0.174,70,0.07,104,0.104
1000,202,0.202,77,0.077,125,0.125
1000,200,0.2,83,0.083,117,0.117
1000,185,0.185,66,0.066,119,0.119
1000,160,0.16,70,0.07,90,0.09
1000,114,0.114,63,0.063,51,0.051
1000,188,0.188,74,0.074,114,0.114
1000,180,0.18,63,0.063,117,0.117
1000,181,0.181,67,0.067,114,0.114
1000,197,0.197,81,0.081,116,0.116
1000,139,0.139,58,0.058,81,0.081
1000,181,0.181,73,0.073,108,0.108
1000,181,0.181,74,0.074,107,0.107
1000,115,0.115,115,0.115,0,0
1000,119,0.119,119,0.119,0,0
1000,114,0.114,114,0.114,0,0
1000,117,0.117,117,0.117,0,0
1000,115,0.115,115,0.115,0,0
1000,116,0.116,116,0.116,0,0
1000,107,0.107,107,0.107,0,0
1000,117,0.117,117,0.117,0,0
1000,120,0.12,120,0.12,0,0
1000,116,0.116,116,0.116,0,0
1000,111,0.111,111,0.111,0,0
1000,107,0.107,107,0.107,0,0
1000,120,0.12,120,0.12,0,0
1000,103,0.103,103,0.103,0,0
1000,102,0.102,102,0.102,0,0
1000,113,0.113,113,0.113,0,0
1000,111,0.111,111,0.111,0,0
1000,121,0.121,121,0.121,0,0
1000,121,0.121,121,0.121,0,0
1000,114,0.114,114,0.114,0,0
1000,118,0.118,118,0.118,0,0
1000,103,0.103,103,0.103,0,0
1000,119,0.119,119,0.119,0,0
1000,119,0.119,119,0.119,0,0
1000,115,0.115,115,0.115,0,0
1000,119,0.119,119,0.119,0,0
1000,125,0.125,125,0.125,0,0
1000,116,0.116,116,0.116,0,0
1000,115,0.115,115,0.115,0,0
1000,110,0.11,110,0.11,0,0
1000,113,0.113,113,0.113,0,0
1000,112,0.112,112,0.112,0,0
1000,111,0.111,111,0.111,0,0
1000,115,0.115,115,0.115,0,0
1000,115,0.115,115,0.115,0,0
1000,102,0.102,102,0.102,0,0
1000,109,0.109,109,0.109,0,0
1000,116,0.116,116,0.116,0,0
1000,124,0.124,124,0.124,0,0
1000,118,0.118,118,0.118,0,0
1000,118,0.118,118,0.118,0,0
1000,121,0.121,121,0.121,0,0
1000,110,0.11,110,0.11,0,0
1000,114,0.114,114,0.114,0,0
1000,118,0.118,118,0.118,0,0
1000,124,0.124,124,0.124,0,0
1000,116,0.116,116,0.116,0,0
1000,117,0.117,117,0.117,0,0
1000,117,0.117,117,0.117,0,0
1000,108,0.108,108,0.108,0,0
1000,174,0.174,75,0.075,99,0.099
1000,182,0.182,70,0.07,112,0.112
1000,176,0.176,83,0.083,93,0.093
1000,203,0.203,85,0.085,118,0.118
1000,186,0.186,76,0.076,110,0.11
1000,188,0.188,64,0.064,124,0.124
1000,184,0.184,80,0.08,104,0.104
1000,185,0.185,75,0.075,110,0.11
1000,193,0.193,77,0.077,116,0.116
1000,180,0.18,68,0.068,112,0.112
1000,188,0.188,79,0.079,109,0.109
1000,161,0.161,66,0.066,95,0.095
1000,209,0.209,80,0.08,129,0.129
1000,170,0.17,69,0.069,101,0.101
1000,166,0.166,78,0.078,88,0.088
1000,189,0.189,81,0.081,108,0.108
1000,173,0.173,72,0.072,101,0.101
1000,180,0.18,78,0.078,102,0.102
1000,171,0.171,96,0.096,75,0.075
1000,115,0.115,55,0.055,60,0.06
1000,132,0.132,56,0.056,76,0.076
1000,200,0.2,104,0.104,96,0.096
1000,180,0.18,63,0.063,117,0.117
1000,185,0.185,72,0.072,113,0.113
1000,162,0.162,58,0.058,104,0.104
1000,169,0.169,93,0.093,76,0.076
1000,180,0.18,81,0.081,99,0.099
1000,144,0.144,44,0.044,100,0.1
1000,140,0.14,41,0.041,99,0.099
1000,194,0.194,82,0.082,112,0.112
1000,188,0.188,77,0.077,111,0.111
1000,196,0.196,64,0.064,132,0.132
1000,155,0.155,45,0.045,110,0.11
1000,191,0.191,70,0.07,121,0.121
1000,203,0.203,76,0.076,127,0.127
1000,181,0.181,81,0.081,100,0.1
1000,190,0.19,64,0.064,126,0.126
1000,200,0.2,82,0.082,118,0.118
1000,173,0.173,90,0.09,83,0.083
1000,195,0.195,87,0.087,108,0.108
1000,194,0.194,64,0.064,130,0.13
1000,153,0.153,63,0.063,90,0.09
1000,193,0.193,66,0.066,127,0.127
1000,201,0.201,91,0.091,110,0.11
1000,177,0.177,90,0.09,87,0.087
1000,176,0.176,67,0.067,109,0.109
1000,174,0.174,72,0.072,102,0.102
1000,200,0.2,84,0.084,116,0.116
1000,166,0.166,69,0.069,97,0.097
1000,188,0.188,77,0.077,111,0.111
1000,122,0.122,122,0.122,0,0
1000,117,0.117,117,0.117,0,0
1000,107,0.107,107,0.107,0,0
1000,119,0.119,119,0.119,0,0
1000,126,0.126,126,0.126,0,0
1000,110,0.11,110,0.11,0,0
1000,115,0.115,115,0.115,0,0
1000,111,0.111,111,0.111,0,0
1000,105,0.105,105,0.105,0,0
1000,118,0.118,118,0.118,0,0
1000,107,0.107,107,0.107,0,0
1000,117,0.117,117,0.117,0,0
1000,114,0.114,114,0.114,0,0
1000,113,0.113,113,0.113,0,0
1000,117,0.117,117,0.117,0,0
1000,116,0.116,116,0.116,0,0
1000,119,0.119,119,0.119,0,0
1000,115,0.115,115,0.115,0,0
1000,119,0.119,119,0.119,0,0
1000,115,0.115,115,0.115,0,0
1000,121,0.121,121,0.121,0,0
1000,121,0.121,121,0.121,0,0
1000,113,0.113,113,0.113,0,0
1000,114,0.114,114,0.114,0,0
1000,114,0.114,114,0.114,0,0
1000,118,0.118,118,0.118,0,0
1000,118,0.118,118,0.118,0,0
1000,123,0.123,123,0.123,0,0
1000,112,0.112,112,0.112,0,0
1000,106,0.106,106,0.106,0,0
1000,112,0.112,112,0.112,0,0
1000,119,0.119,119,0.119,0,0
1000,111,0.111,111,0.111,0,0
1000,104,0.104,104,0.104,0,0
1000,94,0.094,94,0.094,0,0
1000,102,0.102,102,0.102,0,0
1000,104,0.104,104,0.104,0,0
1000,122,0.122,122,0.122,0,0
1000,104,0.104,104,0.104,0,0
1000,121,0.121,121,0.121,0,0
1000,110,0.11,110,0.11,0,0
1000,117,0.117,117,0.117,0,0
1000,121,0.121,121,0.121,0,0
1000,116,0.116,116,0.116,0,0
1000,104,0.104,104,0.104,0,0
1000,118,0.118,118,0.118,0,0
1000,110,0.11,110,0.11,0,0
1000,107,0.107,107,0.107,0,0
1000,119,0.119,119,0.119,0,0
1000,102,0.102,102,0.102,0,0
1000,173,0.173,72,0.072,101,0.101
1000,193,0.193,84,0.084,109,0.109
1000,151,0.151,51,0.051,100,0.1
1000,111,0.111,39,0.039,72,0.072
1000,165,0.165,65,0.065,100,0.1
1000,184,0.184,63,0.063,121,0.121
1000,171,0.171,73,0.073,98,0.098
1000,164,0.164,41,0.041,123,0.123
1000,172,0.172,68,0.068,104,0.104
1000,146,0.146,37,0.037,109,0.109
1000,178,0.178,91,0.091,87,0.087
1000,171,0.171,58,0.058,113,0.113
1000,189,0.189,80,0.08,109,0.109
1000,168,0.168,82,0.082,86,0.086
1000,182,0.182,74,0.074,108,0.108
1000,191,0.191,96,0.096,95,0.095
1000,185,0.185,69,0.069,116,0.116
1000,203,0.203,83,0.083,120,0.12
1000,190,0.19,72,0.072,118,0.118
1000,161,0.161,74,0.074,87,0.087
1000,188,0.188,72,0.072,116,0.116
1000,171,0.171,60,0.06,111,0.111
1000,188,0.188,78,0.078,110,0.11
1000,173,0.173,61,0.061,112,0.112
1000,173,0.173,51,0.051,122,0.122
1000,182,0.182,62,0.062,120,0.12
1000,196,0.196,79,0.079,117,0.117
1000,180,0.18,88,0.088,92,0.092
1000,198,0.198,80,0.08,118,0.118
1000,180,0.18,67,0.067,113,0.113
1000,173,0.173,76,0.076,97,0.097
1000,165,0.165,53,0.053,112,0.112
1000,173,0.173,72,0.072,101,0.101
1000,183,0.183,72,0.072,111,0.111
1000,169,0.169,60,0.06,109,0.109
1000,175,0.175,64,0.064,111,0.111
1000,174,0.174,73,0.073,101,0.101
1000,164,0.164,68,0.068,96,0.096
1000,196,0.196,77,0.077,119,0.119
1000,170,0.17,70,0.07,100,0.1
1000,169,0.169,55,0.055,114,0.114
1000,185,0.185,84,0.084,101,0.101
1000,143,0.143,47,0.047,96,0.096
1000,184,0.184,67,0.067,117,0.117
1000,189,0.189,87,0.087,102,0.102
1000,172,0.172,72,0.072,100,0.1
1000,176,0.176,91,0.091,85,0.085
1000,167,0.167,70,0.07,97,0.097
1000,104,0.104,48,0.048,56,0.056
1000,194,0.194,84,0.084,110,0.11
1000,109,0.109,109,0.109,0,0
1000,110,0.11,110,0.11,0,0
1000,110,0.11,110,0.11,0,0
1000,117,0.117,117,0.117,0,0
1000,120,0.12,120,0.12,0,0
1000,112,0.112,112,0.112,0,0
1000,118,0.118,118,0.118,0,0
1000,117,0.117,117,0.117,0,0
1000,111,0.111,111,0.111,0,0
1000,124,0.124,124,0.124,0,0
1000,124,0.124,124,0.124,0,0
1000,119,0.119,119,0.119,0,0
1000,99,0.099,99,0.099,0,0
1000,118,0.118,118,0.118,0,0
1000,116,0.116,116,0.116,0,0
1000,118,0.118,118,0.118,0,0
1000,113,0.113,113,0.113,0,0
1000,123,0.123,123,0.123,0,0
1000,111,0.111,111,0.111,0,0
1000,115,0.115,115,0.115,0,0
1000,113,0.113,113,0.113,0,0
1000,118,0.118,118,0.118,0,0
1000,106,0.106,106,0.106,0,0
1000,117,0.117,117,0.117,0,0
1000,119,0.119,119,0.119,0,0
1000,117,0.117,117,0.117,0,0
1000,106,0.106,106,0.106,0,0
1000,125,0.125,125,0.125,0,0
1000,113,0.113,113,0.113,0,0
1000,119,0.119,119,0.119,0,0
1000,106,0.106,106,0.106,0,0
1000,112,0.112,112,0.112,0,0
1000,108,0.108,108,0.108,0,0
1000,121,0.121,121,0.121,0,0
1000,110,0.11,110,0.11,0,0
1000,109,0.109,109,0.109,0,0
1000,118,0.118,118,0.118,0,0
1000,103,0.103,103,0.103,0,0
1000,107,0.107,107,0.107,0,0
1000,112,0.112,112,0.112,0,0
1000,116,0.116,116,0.116,0,0
1000,110,0.11,110,0.11,0,0
1000,121,0.121,121,0.121,0,0
1000,109,0.109,109,0.109,0,0
1000,114,0.114,114,0.114,0,0
1000,123,0.123,123,0.123,0,0
1000,124,0.124,124,0.124,0,0
1000,104,0.104,104,0.104,0,0
1000,117,0.117,117,0.117,0,0
1000,103,0.103,103,0.103,0,0
1000,118,0.118,118,0.118,0,0
1000,124,0.124,124,0.124,0,0
1000,111,0.111,111,0.111,0,0
1000,101,0.101,101,0.101,0,0
1000,112,0.112,112,0.112,0,0
1000,117,0.117,117,0.117,0,0
1000,121,0.121,121,0.121,0,0
1000,119,0.119,119,0.119,0,0
1000,114,0.114,114,0.114,0,0
1000,125,0.125,125,0.125,0,0
1000,110,0.11,110,0.11,0,0
1000,100,0.1,100,0.1,0,0
1000,108,0.108,108,0.108,0,0
1000,121,0.121,121,0.121,0,0
1000,103,0.103,103,0.103,0,0
1000,115,0.115,115,0.115,0,0
1000,110,0.11,110,0.11,0,0
1000,110,0.11,110,0.11,0,0
1000,116,0.116,116,0.116,0,0
1000,116,0.116,116,0.116,0,0
1000,122,0.122,122,0.122,0,0
1000,184,0.184,97,0.097,87,0.087
1000,159,0.159,59,0.059,100,0.1
1000,168,0.168,96,0.096,72,0.072
1000,174,0.174,78,0.078,96,0.096
1000,180,0.18,80,0.08,100,0.1
1000,172,0.172,83,0.083,89,0.089
1000,154,0.154,67,0.067,87,0.087
1000,180,0.18,95,0.095,85,0.085
1000,180,0.18,101,0.101,79,0.079
1000,178,0.178,84,0.084,94,0.094
1000,166,0.166,91,0.091,75,0.075
1000,169,0.169,78,0.078,91,0.091
1000,179,0.179,104,0.104,75,0.075
1000,164,0.164,93,0.093,71,0.071
1000,171,0.171,85,0.085,86,0.086
1000,179,0.179,95,0.095,84,0.084
1000,166,0.166,71,0.071,95,0.095
1000,152,0.152,68,0.068,84,0.084
1000,134,0.134,82,0.082,52,0.052
1000,171,0.171,88,0.088,83,0.083
1000,134,0.134,55,0.055,79,0.079
1000,177,0.177,98,0.098,79,0.079
1000,136,0.136,77,0.077,59,0.059
1000,160,0.16,63,0.063,97,0.097
1000,169,0.169,96,0.096,73,0.073
1000,175,0.175,87,0.087,88,0.088
1000,131,0.131,54,0.054,77,0.077
1000,168,0.168,77,0.077,91,0.091
1000,190,0.19,96,0.096,94,0.094
1000,175,0.175,87,0.087,88,0.088
1000,171,0.171,80,0.08,91,0.091
1000,176,0.176,76,0.076,100,0.1
1000,167,0.167,83,0.083,84,0.084
1000,164,0.164,89,0.089,75,0.075
1000,169,0.169,68,0.068,101,0.101
1000,174,0.174,83,0.083,91,0.091
1000,127,0.127,77,0.077,50,0.05
1000,189,0.189,85,0.085,104,0.104
1000,169,0.169,95,0.095,74,0.074
1000,171,0.171,88,0.088,83,0.083
1000,193,0.193,109,0.109,84,0.084
1000,165,0.165,91,0.091,74,0.074
1000,138,0.138,64,0.064,74,0.074
1000,174,0.174,88,0.088,86,0.086
1000,163,0.163,95,0.095,68,0.068
1000,172,0.172,85,0.085,87,0.087
1000,163,0.163,82,0.082,81,0.081
1000,156,0.156,80,0.08,76,0.076
1000,164,0.164,87,0.087,77,0.077
1000,173,0.173,70,0.07,103,0.103
